1511 2334
2595 159
1015 2216
2085 2475
2333 2249
1550 2192
2343 540
1063 2939
2386 252
406 1153
2246 2603
781 606
829 525
2481 735
616 1458
2828 399
1978 2359
1819 406
2787 2877
1784 21
2182 2761
1873 1595
2643 2923
135 1563
374 1159
176 68
862 823
2046 1168
1431 2054
1302 1293
16 662
1442 471
1014 2131
1143 252
1367 1415
24 2870
1368 420
593 1485
600 1749
2356 1362
1034 61
1408 2597
1295 2229
901 753
1650 1987
1017 586
2658 1070
2062 1254
2683 1243
633 2401
2501 2019
1053 551
780 2442
86 1206
2822 2602
1015 2729
1000 662
2300 2238
2378 151
3000 1297
2190 1251
817 2271
437 2656
1847 236
2402 22
2193 717
2252 1922
1839 311
568 204
2425 1494
2174 290
382 1559
135 1658
1926 150
925 636
1265 2424
1435 646
1318 2987
1097 1583
1357 1345
2105 796
2061 2849
245 2965
2335 1302
2511 1137
1480 2102
1510 2654
355 1300
112 1402
797 894
2482 1581
2832 687
2482 28
2944 830
1398 2032
809 46
610 2549
2351 1148
2790 1595
2924 932
606 521
2005 2605
792 253
1845 2704
1193 1605
2002 2212
217 97
595 2493
1466 206
960 2361
1741 2292
2946 1234
2629 1273
598 775
225 2821
542 1962
766 2932
1472 1083
2667 215
309 1291
1092 1075
1955 898
2272 2448
2188 563
483 171
149 570
621 2900
2440 2525
1168 1273
2802 2696
469 2745
421 2663
2600 1698
1199 16
2488 1660
122 2318
2960 196
826 1352
57 498
2290 1575
702 739
1495 2171
758 2591
2251 2975
2405 100
3 1593
387 521
2818 1643
2139 804
708 2245
1702 1405
619 1360
2822 2808
2262 2124
2371 1935
421 435
1361 302
2278 2436
2432 1877
2275 473
2235 1466
1162 721
122 2996
1804 623
688 2233
1694 2472
869 1865
979 1913
1820 800
1295 520
2470 2504
542 1542
1198 1173
603 2811
1156 2271
1225 2330
498 1803
2614 1912
121 2011
1771 929
1053 2025
445 580
1109 1648
703 1826
236 1171
894 706
91 580
2875 408
2196 2583
1685 2682
2616 292
572 906
267 1504
2751 727
3 1932
167 587
1188 685
1674 1438
2734 1546
2921 586
973 802
1706 557
2817 667
846 2658
180 1596
740 192
2399 364
2029 2137
1140 2888
2158 1804
1389 1289
321 2164
2172 316
1452 1391
257 832
264 1608
1680 2283
59 22
1008 382
2974 1331
2605 1148
520 709
2774 1447
2154 2184
1375 659
1681 1121
297 1401
384 333
965 830
2227 1848
1893 1561
996 295
1891 2528
89 2375
1832 1107
1180 907
2198 800
1778 17
422 294
2133 1214
1004 2986
2330 1166
2398 1365
964 1948
1976 707
591 2536
586 125
2693 1052
392 16
2765 1279
1569 964
575 2290
1218 967
2585 2157
376 239
2453 939
2873 1571
2344 2281
1228 2371
581 523
564 1187
1120 824
2689 1357
1612 1273
934 1075
1358 1086
2772 193
2655 657
1998 881
1037 2784
459 2188
1082 1295
1360 2192
2372 1836
2027 477
1772 2194
337 311
2447 1934
144 1831
2896 93
2014 1146
2748 2332
312 1552
1748 38
2916 2846
974 2378
128 885
717 1051
2064 1321
837 2094
1596 2050
2159 895
2191 574
227 2284
1161 317
1817 1352
462 2588
1511 2682
1910 595
2214 2643
2363 2047
2957 668
2717 2832
2741 470
1617 2300
771 287
78 1130
1065 372
735 520
1852 2217
988 1398
2599 1747
1096 1153
1687 1215
404 1089
478 2000
1627 1075
2345 1572
2644 583
674 2592
1884 947
2782 2656
953 326
2903 352
79 126
2155 542
2703 139
1851 2612
2499 1905
1133 1851
2060 946
1499 747
1164 466
2026 660
2716 65
1916 1841
1719 1445
694 1768
693 1805
1995 707
2457 1183
1527 185
1572 2274
1932 885
1856 629
2320 934
981 2287
1413 1822
1543 668
1680 492
1574 2126
539 2298
2444 194
1628 639
2723 1727
571 333
2317 811
208 1060
1130 2669
810 830
509 2388
1033 441
2239 30
1637 2528
1883 2970
76 2818
2560 1191
528 2201
2051 498
2087 221
778 844
658 2255
2873 98
2286 1214
1889 19
1486 645
692 326
1430 1531
1715 1825
826 2337
1512 2091
2669 392
2100 1019
2714 2929
1322 2526
447 2938
714 1005
245 2928
2839 116
561 559
1953 1941
2214 684
2260 691
2689 2740
1071 559
1788 1618
1687 2847
2923 1917
105 130
2738 1351
1859 2261
1500 63
1979 1545
181 520
2414 1090
2306 776
667 2361
572 1378
2302 1948
1945 620
1502 841
59 2122
2790 1998
1487 1689
1159 268
262 1381
2501 2895
151 563
2142 800
2211 2199
263 1923
2600 96
702 937
1127 2087
136 1447
343 1564
581 878
2647 1513
1727 2401
1415 2724
1303 2282
1064 2425
1176 1044
1543 1854
2850 1906
2718 2862
336 799
2091 1927
1666 125
2368 444
788 1246
2417 115
1189 1606
2617 2735
1385 1871
581 1631
1320 2762
207 2390
1245 2341
2628 105
1791 1584
2543 956
979 2679
284 2333
1696 283
2589 2575
1577 849
1433 569
2895 505
2048 2261
2309 1664
1016 1705
570 2286
379 865
1562 73
2967 2395
1797 1577
620 1281
1479 1562
2114 1283
2182 2853
512 1122
368 1518
1726 1958
458 599
492 1945
129 1836
497 1626
69 1942
733 324
2417 2728
598 236
1797 2877
2295 2742
972 2824
1733 1056
542 1722
1601 1653
751 1503
264 787
2590 2593
1838 2510
1543 2164
1174 2211
1042 1248
2644 2005
2098 699
2739 1620
2830 852
479 9
115 1289
1909 2100
1224 74
1614 2574
2688 627
1704 1159
948 2734
948 2257
1239 919
2145 474
1112 990
2304 407
2819 912
2582 2612
392 775
1013 1820
1499 205
1835 327
1034 1365
17 2423
1074 1603
365 1154
1371 2510
2776 2859
1599 493
2329 817
727 407
1361 2415
646 2393
1725 1250
1556 1045
1247 1182
1252 2685
2613 1170
2110 1572
1153 2727
1518 2589
1735 1740
2955 1866
2034 2269
2281 774
383 2576
2591 723
2847 566
2146 1654
2858 208
1048 2622
623 336
2758 560
557 83
2755 1790
102 2838
1858 1203
1654 158
276 2536
448 70
2460 2835
1337 693
297 2099
1059 2877
2087 37
44 918
2590 1218
2188 2824
2090 1982
2499 373
2689 2603
912 1453
2792 2260
1155 2631
2375 2778
2420 2783
1192 2603
1337 2634
2996 2590
2308 2731
246 2528
3 962
461 498
1495 552
430 2696
565 1301
321 371
216 994
1343 784
2573 663
1514 2440
1101 1702
1589 2614
462 382
2808 2644
2627 561
2589 2158
871 2414
1574 2892
1182 2040
1636 2045
1205 1444
2953 2775
2981 1871
2856 1384
2988 1286
655 1072
1003 1253
916 1004
9 1513
957 317
2822 805
1310 919
1993 2209
2999 2875
2339 2374
2644 2349
1618 1019
827 894
1911 2427
2497 891
1080 2853
550 156
247 683
2604 302
1816 371
572 2314
503 2825
2161 395
120 2691
866 1308
1325 308
188 2768
996 1841
2942 2288
1334 1127
68 2321
1921 2011
1861 1499
1767 1016
757 2315
2765 2717
387 729
1437 1188
2156 2187
1916 1189
166 2760
597 2761
38 1534
1804 2599
355 1733
947 1682
824 1554
2296 1840
14 1493
181 1573
2199 2267
223 1742
509 1772
1808 1175
2425 774
158 749
292 2128
633 2141
2769 160
2232 1515
657 2582
2781 2372
318 1719
564 2589
2152 1850
2752 2137
659 2142
2191 1326
1767 1195
1721 1000
495 2748
2972 45
1466 1419
539 32
637 1533
2402 2799
856 466
236 901
1492 334
1566 440
1843 2691
1073 92
2344 413
1083 2838
2451 2148
399 2057
774 1142
1952 1933
578 2634
2682 1771
819 789
314 1082
2656 1569
56 1629
492 2386
1580 747
2112 807
423 2206
62 151
2341 1580
455 2273
266 2305
783 882
394 459
636 2499
854 2309
2362 2897
2142 181
585 404
394 613
1325 2952
2592 781
1246 2542
914 1063
1214 2492
612 890
1125 2281
2178 1465
1512 2770
536 2769
1246 2976
2272 1462
2 1624
656 166
1380 57
329 1820
1160 2769
1785 1751
2509 1665
26 1120
510 2588
1425 2000
2197 916
1016 319
787 1917
2356 302
2130 992
2055 734
1939 1106
2679 2079
1424 2194
989 810
2715 1518
136 2239
1829 2703
2463 1512
1776 1592
1538 1452
2397 11
458 789
40 1916
445 594
2358 1260
2499 678
950 775
2251 135
2461 2406
2119 1416
2808 1494
1187 991
1294 1096
1234 1400
1716 1823
1625 232
1743 1437
58 2914
1413 1382
2059 358
1293 2146
1916 1925
946 2855
2725 1286
2140 54
2549 2053
334 170
2564 1662
2721 1668
1138 2558
1624 593
2133 1443
2658 2466
2056 519
1004 354
1782 2745
2780 100
955 459
1319 2523
1195 637
2923 1432
2497 1137
1006 1856
746 2837
1717 107
111 1108
510 1558
2991 549
655 2138
842 2986
1724 299
1279 2043
2877 2801
79 2697
45 1882
1447 1163
2340 390
1042 2100
1126 922
2077 938
2274 2310
434 2889
2133 2559
2957 1182
2916 2869
1106 2149
2541 606
2109 1196
735 2978
304 1013
1333 908
793 224
2494 2263
2513 1022
1656 383
118 1583
2905 108
1082 1485
1877 2315
2881 2351
1331 908
375 2207
2336 2917
2560 396
1426 1741
990 1993
2797 1586
1655 2372
2058 700
2125 2080
963 2671
2108 507
2753 2349
438 545
1462 2762
2970 1879
2467 62
1641 1409
747 2359
2185 2188
566 1268
2514 396
2687 1267
2683 1528
2311 2076
1461 833
1288 891
2863 47
1514 2994
1081 436
153 1684
721 486
61 2308
641 2889
1720 124
1598 2723
2252 1318
2763 847
1451 1655
1180 2715
797 974
2220 81
893 2354
1471 2393
2380 953
8 2718
2173 1714
1045 2157
1831 1060
2070 2601
2359 2532
1785 290
2987 507
2905 2424
871 2862
1426 2629
1444 597
359 2137
2972 988
2245 347
1808 988
1221 1367
162 1555
1797 2154
1115 2472
1024 304
470 1200
2793 1815
2851 1756
2228 2577
2757 337
1406 1070
1180 2870
2856 320
2316 2665
512 229
420 755
23 1816
88 1471
732 983
2424 2191
1391 1855
1887 183
839 1884
1460 2552
949 1514
620 1870
2015 1743
2190 299
2582 654
502 1898
240 2117
2194 1332
2542 1943
2000 774
2447 2140
1470 1857
596 2340
2697 1113
1138 2344
503 2239
2203 1241
1924 1423
1317 2126
809 107
345 1659
2816 1910
2957 2925
2082 2465
2163 2558
2185 1417
1248 1207
222 1503
2693 1921
876 2567
226 779
2539 2609
1294 2680
1334 228
2096 534
685 270
2025 591
164 2317
2959 2115
2 1537
2364 1301
2931 1143
2397 2746
2999 1168
636 1005
864 2831
2903 598
2008 2927
950 2990
1841 1947
704 1924
1155 1324
1711 2723
2449 2839
911 2778
860 628
1747 2050
15 1080
1113 1588
1 108
697 353
774 2643
1081 1743
1038 1672
2340 1643
1045 1710
2686 1145
2633 1094
10 1918
2064 652
2732 1919
999 1978
888 759
1051 572
57 2749
12 2803
226 1299
1805 954
2513 1320
1654 1164
1839 1039
562 52
1865 262
2769 379
1794 104
2087 1733
2479 1612
1619 2756
2801 1699
385 836
391 733
2297 2437
521 1789
1197 141
1390 1937
2295 2451
199 1395
1177 1413
2361 546
1587 2555
743 202
624 353
38 1000
33 513
1304 1318
2832 2815
322 2573
2711 1579
1093 798
2391 843
1976 1648
2273 1342
1092 2798
1569 170
1023 1470
2709 2358
58 2194
2386 1417
1547 1203
1496 1657
2508 1857
1033 1893
2194 2452
2622 268
2326 2871
1058 2660
1239 2175
100 2436
2743 1880
602 2105
2770 1456
1561 885
1698 1258
2926 1827
2221 1693
1408 805
1669 451
1683 2502
503 138
766 1760
781 70
1598 1800
1252 2525
409 1613
1271 905
516 2740
1754 2010
2198 503
1303 1698
1426 1249
1829 831
1753 2564
1283 2004
1238 987
1514 1736
1928 1520
2505 1845
75 31
1374 994
2599 985
76 498
1807 2771
2447 1795
2660 404
2874 1712
360 1194
2369 1608
683 2966
775 2532
1514 2875
1226 156
2475 2123
2178 2091
1945 202
1133 2287
670 1161
398 458
2412 2836
2633 2236
11 1164
2289 318
2103 1318
1731 1088
2815 83
336 1900
31 1846
1079 1576
2143 1345
792 1640
2785 432
1370 2771
2423 1764
1294 761
2962 1169
1729 2395
2484 848
2310 443
592 2414
2466 1679
2340 187
1894 491
494 812
33 1076
2796 1738
2532 405
690 2977
2355 2014
1776 2394
2443 2440
554 25
1430 1410
1310 1031
2208 367
857 2489
1414 2862
2571 703
2794 2977
2318 398
1417 1694
795 2327
2596 1697
1436 2757
274 2112
963 435
821 1501
1322 2548
2961 2232
1217 1809
2520 131
2132 2007
1360 916
2514 1894
787 1638
847 2971
2598 960
1554 2862
2146 252
2344 693
2335 673
2839 2384
2196 1170
2900 2475
2736 1165
694 1423
2324 973
2648 1000
463 2113
283 664
1809 1682
361 515
2840 2993
587 2337
478 566
813 2184
2952 2770
1917 1840
2105 1950
1591 1572
2789 1218
1475 1823
2774 2511
886 821
2083 1597
2381 1750
844 2702
1197 2038
39 729
1038 2424
1510 2192
771 1606
1223 322
611 2243
674 426
1635 2497
1335 974
2802 803
981 841
212 1621
1188 1841
488 2062
972 2953
2834 853
156 968
41 2737
2780 2409
1930 2096
2515 2417
59 2817
2834 1405
1657 1506
710 441
259 706
2234 137
2308 2136
291 1628
1797 2802
1906 1580
592 727
2238 1207
414 2990
2455 1865
2034 2308
84 88
1060 2403
2030 294
2504 2605
2283 883
2428 1453
1300 2513
317 2878
599 398
1026 2330
917 2701
2072 1284
2173 1461
2068 2846
1823 2728
2372 2316
1874 470
191 2511
2752 2144
1480 2652
1116 1293
2919 1690
1322 1712
168 1624
1032 1983
1249 916
1869 310
1104 2940
2721 1370
2860 1993
1437 1471
1919 2760
646 2867
698 1279
2598 2584
2897 2198
1043 1726
2203 1331
1191 2942
2139 2500
1526 464
826 2274
2259 1654
738 328
2227 903
2436 552
1616 541
2659 2958
1111 1991
1719 1843
258 1288
1436 523
880 1422
936 2495
1408 1348
2632 236
1369 1904
1659 123
2677 2205
333 791
1690 802
1334 2146
1104 1394
2081 688
45 1867
2262 505
2836 367
2024 1636
233 2101
1839 2895
1175 472
1294 2152
890 935
2350 39
325 2524
778 1985
2358 1605
697 2183
1605 870
16 245
745 485
1869 2347
402 2893
2965 1727
800 2732
942 2986
2307 1532
62 2510
216 709
618 1934
1955 1994
1912 2558
23 1264
126 911
904 1330
2080 2989
1105 439
966 2768
14 2930
1299 2766
820 57
1031 2631
460 544
1510 1224
2708 2195
2143 1537
1277 1119
1398 1775
2766 2233
595 1283
1599 2893
1097 2720
2047 1169
2215 1353
1639 1423
2850 2817
1541 975
2897 1649
1386 2850
440 1429
1204 32
94 1983
1589 1315
1735 699
1306 2498
2314 2505
2812 815
1963 1383
1491 2329
371 1916
558 1187
2099 2166
2756 2555
2525 2029
14 1668
1499 1958
674 604
422 1320
1714 2063
1496 66
2571 1034
2778 2195
1479 1792
1095 57
467 2145
783 1467
1793 1078
2165 247
263 334
466 1085
2535 1133
2096 1921
1525 23
2287 1477
692 2721
1155 2676
585 425
1443 857
1326 2689
1260 222
1777 1904
1949 1341
786 704
1561 1147
648 1
1104 2152
693 125
1389 1664
2294 1978
2905 741
2364 1155
1431 722
1477 2479
182 1977
515 1665
50 1599
1460 630
716 1459
1984 690
2445 1490
2567 67
1863 2926
1064 876
1452 1538
2611 652
1421 1592
712 1021
988 2315
1350 381
2466 997
2173 1984
2130 2866
868 2468
2596 1755
1532 387
851 1509
1106 2565
2015 839
1417 1403
2820 1399
1758 2213
1697 2318
2514 1397
1594 2423
1204 2450
2191 524
1852 1278
2651 577
1105 2680
1861 207
1428 1307
1442 674
363 157
1785 1044
2335 1897
445 1024
470 78
2727 1431
978 517
1242 1231
495 246
405 646
1833 1116
157 1867
12 2116
1752 2766
114 363
1626 675
625 2333
652 1572
2042 134
864 1340
1019 2989
415 2772
2102 2516
2963 2697
792 242
1389 2732
2955 1585
2064 569
548 1224
1116 849
2893 2417
2364 2304
1180 1548
216 15
2875 619
396 2147
2894 324
199 2292
1568 2458
2893 1367
1334 244
1918 1453
250 549
1500 1954
2129 1866
233 830
2198 2511
303 2631
701 1339
1902 269
1600 1855
9 757
2126 2354
1889 55
279 824
249 2864
2929 2734
1520 2329
1278 480
2322 1197
900 2420
471 1743
2315 1348
1459 2810
2411 1048
2980 151
1235 1194
335 323
435 1184
1444 1222
539 1613
2933 621
2833 1544
1659 2952
2912 1219
2137 1397
2483 1605
2383 203
1550 2057
1200 2152
1846 2093
100 2084
1259 2196
